9149267
9149268
9149269
9149270
9149271
9149272
9149273
9149274
9149275
9149276
9149277
9149278
9149279
9149280
9149281
9149282
9149283
9149284
9149285
9149286
9149287
9149288
9149289
9149290
9149291
9149292
9149293
9149294
9149295
9149296
9149297
9149298
9149308
9149309
9149310
9149311
9149312
9149314
9149315
9149316
9149317
9149318
9149319
9149320
9149321
9149322
9149323
9149324
9149325
9149326
9149327
9149328
9149329
9149330
9149331
9149332
9149333
9149334
9149335
9149336
9149337
9149338
9149339
9149340
9149341
9149342
9149343
9149344
9149345
9149346
9149347
9149348
9149349
9149350
9149351
9149352
9149353
9149354
9149355
9149356
9149357
9149358
9149359
9149361
9149362
9149363
9149364
9149365
9149366
9149367
9149368
9149369
9149370
9149371
9149372
9149373
9149374
9149375
9149376
9149377
9149378
9149379
9149380
9149381
9149382
9149383
9149384
9149385
9149386
9149387
9149388
9149389
9149390
9149391
9149392
9149393
9149394
9149395
9149396
9149397
9149398
9149399
9149400
9149401
9149402
9149403
9149404
9149405
9149406
9149408
9149409
9149410
9149411
9149412
9149413
9149414
9149415
9219897
9219898
9219899
9219900
9219913
9219914
9219915
9219916
9219917
9219918
9219919
9219920
9219921
9219922
9219923
9219924
9219925
9219926
9219927
9219928
9219929
9219930
9219931
9219932
9219933
9219934
9219935
9219936
9219937
9219938
9219939
9219940
9219941
9219942
9219943
9219944
9219945
9219946
9219947
9219948
9219949
9219950
9219951
9219952
9219953
9219954
9219955
9219956
9219957
9219958
9219959
9219960
9219961
9219962
9219963
9219964
9219965
9219966
9219967
9219968
9219969
9219970
9219971
9219972
9219973
9219974
9219975
9219976
9219977
9219978
9219979
9219980
9219981
9219982
9219983
9219984
9219985
9219986
9219987
9219988
9219989
9219990
9219991
9219992
9219993
9219994
9219995
9219996
9219997
9219998
9219999
9220000
9220001
9220002
9220003
9220004
9220005
9220006
9220007
9220008
9220009
9220010
9220011
9220012
9220013
9220014
9220015
9220016
9220017
9220018
9220019
9220020
9220021
9220022
9220023
9220024
9220025
9220026
9220027
9220028
9220029
9220030
9220031
9220032
9220033
9220034
9220035
9220036
9220037
9220038
9220039
9220040
9220041
9220042
9220043
9220044
9220045
9220046
9220047
9220048
9220049
9220050
9220051
9220052
9220053
9220054
9220055
9220056
9220057
9220058
9220059
9220060
9220061
9220062
9220063
9220064
9220065
9220066
9220067
9220068
9220069
9220070
9220071
9220072
9220073
9220074
9220075
9220076
9220077
9220078
9220079
9220080
9220081
9220082
9220083
9220084
9220085
9220086
9220087
9220088
9220089
9220090
9220091
9220092
9220093
9220094
9220095
9220096
9220097
9220098
9220099
9220100
9220101
9220102
9220103
9220104
9220105
9220106
9220107
9220108
9220109
9220110
9220111
9220112
9220113
9220114
9220115
9220116
9220117
9220118
9220119
9220120
9220121
9220122
9220123
9220124
9220125
9220126
9220127
9220128
9220129
9220130
9220131
9220132
9220133
9220134
9220135
9220136
9220137
9220138
9220139
9220140
9220141
9220142
9220143
9220144
9220145
9220146
9220147
9220148
9220149
9220150
9220151
9220152
9220153
9220154
9220155
9220156
9220157
9220158
9220159
9220160
9220161
9220162
9220163
9220164
9220165
9220166
9220167
9220168
9220169
9220170
9220171
9220172
9220173
9220174
9220175
9220176
9220177
9220178
9220179
9220180
9220181
9220182
9220183
9220184
9220185
9220186
9220187
9220188
9220189
9220190
9220191
9220192
9220193
9220194
9220195
9220196
9220197
9220198
9220199
9220200
9220201
9220202
9220203
9220204
9220205
9220206
9220207
9220208
9220209
9220210
9220211
9220212
9220213
9220214
9220215
9220216
